5 0
6 0
7 0
8 0
9 0
10 0
11 0
12 0
13 0
14 0
15 0
16 0
17 0
18 0

4 1
5 1
6 1
7 1
8 1
9 1
10 1
11 1
12 1
13 1
14 1
15 1
17 1
18 1
19 1

3 2
4 2
5 2
6 2
11 2
12 2
13 2
18 2
19 2

3 3
4 3
5 3
11 3
12 3
18 3
19 3

3 4
4 4
5 4
11 4
12 4
18 4
19 4

3 5
4 5
5 5
10 5
11 5
12 5
18 5
19 5

1 6
2 6
3 6
4 6
5 6
6 6
9 6
10 6
11 6
12 6
13 6
14 6
16 6
17 6
18 6
19 6

0 7
1 7
2 7
3 7
4 7
5 7
6 7
7 7
8 7
9 7
10 7
11 7
12 7
13 7
14 7
15 7
16 7
17 7
18 7
19 7

0 8
1 8
2 8
3 8
7 8
8 8
9 8
10 8
12 8
14 8
15 8
16 8
17 8

0 9
1 9
2 9
7 9
8 9
9 9
14 9
15 9
16 9

0 10
1 10
2 10
7 10
8 10
9 10
14 10
15 10
16 10

0 11
1 11
2 11
7 11
8 11
9 11
14 11
15 11
16 11

0 12
1 12
2 12
6 12
7 12
8 12
9 12
10 12
13 12
14 12
15 12
16 12

1 13
2 13
3 13
4 13
5 13
6 13
7 13
8 13
9 13
10 13
11 13
12 13
13 13
14 13
15 13
16 13

2 14
3 14
4 14
5 14
6 14
7 14
10 14
11 14
12 14
13 14
14 14