0 0
1 0
2 0
3 0
4 0
5 0
6 0
7 0
14 0
15 0
16 0
17 0
18 0
19 0
20 0
21 0

1 1
2 1
3 1
4 1
5 1
6 1
7 1
13 1
14 1
15 1
16 1
17 1
18 1
19 1
20 1

2 2
3 2
4 2
5 2
6 2
7 2
8 2
13 2
14 2
15 2
16 2
17 2
18 2
19 2

2 3
3 3
4 3
5 3
6 3
7 3
8 3
12 3
13 3
14 3
15 3
16 3
17 3
18 3

3 4
4 4
5 4
6 4
7 4
8 4
9 4
11 4
12 4
13 4
14 4
15 4
16 4
17 4

4 5
5 5
6 5
7 5
8 5
9 5
10 5
11 5
12 5
13 5
14 5
15 5
16 5

5 6
6 6
7 6
8 6
9 6
10 6
11 6
12 6
13 6
14 6
15 6

6 7
7 7
8 7
9 7
10 7
11 7
12 7
13 7
14 7

7 8
8 8
9 8
10 8
11 8
12 8
13 8
14 8

7 9
8 9
9 9
10 9
11 9
12 9
13 9

6 10
7 10
8 10
9 10
10 10
11 10
12 10

6 11
7 11
8 11
9 11
10 11
11 11
12 11

5 12
6 12
7 12
8 12
9 12
10 12
11 12
12 12

5 13
6 13
7 13
8 13
9 13
10 13
11 13
12 13
13 13

4 14
5 14
6 14
7 14
8 14
9 14
10 14
11 14
12 14
13 14
25 14
26 14
27 14
28 14
29 14
30 14
31 14

3 15
4 15
5 15
6 15
7 15
8 15
9 15
10 15
11 15
12 15
13 15
14 15
23 15
24 15
25 15
26 15
27 15
28 15
29 15
30 15

2 16
3 16
4 16
5 16
6 16
7 16
8 16
9 16
10 16
11 16
12 16
13 16
14 16
15 16
21 16
22 16
23 16
24 16
25 16
26 16
27 16
28 16
29 16
30 16
