0 0
1 0
2 0
3 0
4 0
5 0
6 0
7 0
8 0
9 0
10 0
11 0
18 0
19 0
20 0
21 0
22 0
23 0
24 0
25 0
26 0
27 0
28 0
29 0
30 0
31 0
32 0

0 1
1 1
2 1
3 1
4 1
5 1
6 1
7 1
8 1
9 1
20 1
21 1
22 1
23 1
24 1
25 1
26 1
27 1
28 1
29 1
30 1

0 2
1 2
2 2
3 2
4 2
5 2
6 2
7 2
21 2
22 2
23 2
24 2
25 2
26 2
27 2
28 2

0 3
1 3
2 3
3 3
4 3
5 3
22 3
23 3
24 3
25 3
26 3
27 3

0 4
1 4
2 4
3 4
4 4
5 4
22 4
23 4
24 4
25 4
26 4

0 5
1 5
2 5
3 5
4 5
5 5
22 5
23 5
24 5
25 5
26 5

0 6
1 6
2 6
3 6
4 6
5 6
22 6
23 6
24 6
25 6
26 6

0 7
1 7
2 7
3 7
4 7
5 7
22 7
23 7
24 7
25 7
26 7

0 8
1 8
2 8
3 8
4 8
5 8
22 8
23 8
24 8
25 8
26 8

0 9
1 9
2 9
3 9
4 9
5 9
22 9
23 9
24 9
25 9
26 9

0 10
1 10
2 10
3 10
4 10
5 10
22 10
23 10
24 10
25 10
26 10

0 11
1 11
2 11
3 11
4 11
5 11
22 11
23 11
24 11
25 11
26 11

0 12
1 12
2 12
3 12
4 12
5 12
22 12
23 12
24 12
25 12
26 12

0 13
1 13
2 13
3 13
4 13
5 13
21 13
22 13
23 13
24 13
25 13
26 13

0 14
1 14
2 14
3 14
4 14
5 14
19 14
20 14
21 14
22 14
23 14
24 14
25 14
26 14
27 14

0 15
1 15
2 15
3 15
4 15
5 15
6 15
18 15
19 15
20 15
21 15
22 15
23 15
24 15
25 15
26 15
27 15
28 15

0 16
1 16
2 16
3 16
4 16
5 16
6 16
7 16
8 16
16 16
17 16
18 16
19 16
20 16
21 16
22 16
23 16
24 16
25 16
26 16
27 16
28 16
29 16

0 17
1 17
2 17
6 17
7 17
8 17
9 17
15 17
16 17
17 17
18 17
19 17
20 17
21 17
22 17
28 17
29 17
30 17
31 17
36 17
37 17

0 18
7 18
8 18
9 18
10 18
11 18
13 18
14 18
15 18
16 18
17 18
18 18
19 18
20 18
21 18

29 18
30 18
31 18
32 18
33 18
35 18
36 18
37 18

10 19
11 19
12 19
13 19
14 19
15 19
16 19
17 19
18 19
19 19
30 19
31 19
32 19
33 19
34 19
35 19
36 19
37 19

11 20
12 20
13 20
14 20
15 20
16 20
17 20
18 20

32 20
33 20
34 20
35 20
36 20
37 20

11 21
12 21
13 21
14 21
15 21

32 21
33 21
34 21
35 21
36 21

11 22
12 22
13 22
14 22
15 22
32 22
33 22
34 22
35 22
36 22

11 23
12 23
13 23
14 23
15 23
32 21
33 21
34 21
35 21
36 21

11 24
12 24
13 24
14 24
15 24
32 24
33 24
34 24
35 24
36 24

11 25
12 25
13 25
14 25
15 25
32 25
33 25
34 25
35 25
36 25

11 26
12 26
13 26
14 26
15 26
32 26
33 26
34 26
35 26
36 26

11 27
12 27
13 27
14 27
15 27
32 27
33 27
34 27
35 27
36 27

11 28
12 28
13 28
14 28
15 28
32 28
33 28
34 28
35 28
36 28

11 29
12 29
13 29
14 29
15 29
32 29
33 29
34 29
35 29
36 29

11 30
12 30
13 30
14 30
15 30
32 30
33 30
34 30
35 30
36 30

11 31
12 31
13 31
14 31
15 31
32 31
33 31
34 31
35 31
36 31

10 32
11 32
12 32
13 32
14 32
15 32
32 32
33 32
34 32
35 32
36 32

8 33
9 33
10 33
11 33
12 33
13 33
14 33
15 33
16 33
17 33
29 33
30 33
31 33
32 33
33 33
34 33
35 33
36 33

6 34
7 34
8 34
9 34
10 34
11 34
12 34
13 34
14 34
15 34
16 34
17 34
18 34
28 34
29 34
30 34
31 34
32 34
33 34
34 34
35 34
36 34