                                        
                                        
                                        
                                        
                                        
                                        
                                        
                                        
                                        
                                        
                                                                               
                                        
                                        
                                        
                                        
                                        
                                        
                                        
                                        
            111111      
            111111
             11111
 
 
             2 2  213
            22 2  213
                  213                   
                  213                   
                                        
                                        
                                        
                                        
                                        
                                        
                                        
                                        
                                                                               
                                        
                                        
                                        
                                        
                                        
                                        
                                        
                                        
                                        
                                        
                                        
                                        
                                        
                                        
                                        
                                        
                                        
           11                           
            11                          
             11                         
              111    1                  
                11 11                  
                 111                   
                  1                    