  1111                      
   2222                222  
   1222              1222   
   12222             1 22   
   12 22            12 22   
   12 22            1  22   
   12  22          12  22          1111          1
   12  22          1   22         221122        12   2222
   12   22         2   22        2     22    11222  2  222
   12   22        1    22       22      22      22 1    22
   12   222       1    22       22      22      221      2
   12    22      12    22       22      22      22       2
   12    222     1     22       1       22      22       2
   12     22     2     22            22122      22       2
   12     222   11     22          21  122      22       2
   12      22   2      22         2    122      22       2
   12      22  11      22        2     122      22       2
   12        2 2       22       2      122      22       2
   12        222       22       2      122      22       2
   12        22        22       2      122      22       2
   12        2         22      122    1122  1   22       2
  1221       2         222      222  2  2221   1221      22
11222211     1       111111      222     2   112222     2222