[/]
000314  
000220
004130
003140
001300
031300 
021000 
413000 
314000 
220000 

[/]
000314  
000210
004130
003140
001100
031300 
031000 
411000 
313000 
210000 

[0]
021140
31321
12041 
1 0 1 
1 0 11
1 0 11
1 0 12
1 0 1 
214214
021140

[1]
004110     
0 1110     
313110  
030110  
000110  
000110  
000110  
000110
000110
000110

[2]
04111
412321
0300 1
0000 1
000413
004114
0011 0
 11 00
212222
111111

[3]
431113
4134213
0400412
0000413
0 11230
0 33113
0000 11
 000 11
33  212
3211130

[4]
0004110   
0002110
0031110
0414110
0120110
3140110
1222112
1111111
0000110
0000110

[5]
211110      
122220  
140000 
1444 0
11112 
443213
000411
000312
233113
111130

[6]
0042113
041 343
 1 0000
414 440
 141113
 13  11
 1400 1
4130021
  1321 
04 11 4

[7]
2111111       
2222211  
0000412 
0000214
000 120
0003140
00 11 0
0031300
0011400
0412000

[8]
0 211 0
412 31 
4130012
0124 1
04211 0
0 1 124
4140422
 1400 1
41 4412
0 211 4

[9]
0311130
4113213
3140 11
3140021
3130411
 111131
0 33421
0000412
034311 
01113 0

[ ]
0      
1      
2       
3       
4      
5       
6       
7       
8       
9       

[ ]
0      
1      
2       
3       
4      
5       
6       
7       
8       
9       




