[/]
00 1 
00110
0 1 0 
0 1 0 
01 00
 1 00 
 1000 
1 000 
1 000 
10000 

[0]
0  1  0
 1   1 
 1 0 1 
 1 0 1 
 1 0 1 
 1 0 1 
 1 0 1 
 1 0 1 
 1   1 
0  1  0

[1]
0 110     
 1110     
1 110  
 0110  
00110  
00110  
00110  
00110
00110
00110

[2]
  11  
1   1 
 00 11
000 1 
000 1 
00 1 0
0 1 00
 1 000
11    
111111

[2]
  11  
 1  1 
  0  1
000  1 
000 1 
00 1  
0 1  0
 1  00
 1    
111111

[3]
  111 0
 1   1
0 00 1 
0000 1 
0 11  
0   11 
0    11
0000 11
 000 1 
  111 0

[3]
 111 0
1   1
 00 1 
000 1 
 11  0
   11 
000 11
000 11
    1 
 111 0
  
[4]
000   
000 11
00 111
0 1  1
01 0 1
 1 011
1   11
    11
000011
   011

[4]
000 1   
00 11
0 1 1
0   1 
 1  1 
1 0 1
1   1
111111
000 1
000 1

[5]
 111110      
 1    0  
 1 0000 
 1   00
 1111 0
     1 
0000 1 
0000 1 
1   11 
 111  0

[5]
 1111       
1       
1 0000 
1    0
11111  
    1 
000 1 
000 1 
1  11 
1111 0

[6]
000  11
10 1   
2 1 0000
3 1    0
4 1 111
5 1   11
6 1 00 1
7 1 00 1
8  1  1 
90  11  

[7]
 111111       
     11  
0000 1  
0000 1 
000 1 0
000 1 0
00 11 0
00 1 00
0011 00
0 1 000

[8]
0  1  0
 1   1
 1 001 
0    1 
0  11 0
0 1 1  
 1 0   
 1 00 1
 1   1 
0  1 

[9]
0 111 0
 11  1
 1 0 1
 1 0 
 1 0 1
 1111 
0     
0000 1 
0   11 
0111  0

[ ]
0      
1      
2       
3       
4      
5       
6       
7       
8       
9       

[ ]
0      
1      
2       
3       
4      
5       
6       
7       
8       
9       




