[/]
000314  
000220
004130
003140
001300
031300 
021000 
413000 
314000 
220000 

[0]
0421240
411 214
314041 
21 0 11
11 0 11
11 0 11
21 0 11
31 0 1 
4114114
0421140

[1]
004110     
0 1110     
313110  
030110  
000110  
000110  
000110  
000110
000110
000110

[2]
0411130
4123213
0300 11
0000 12
0000314
0003130
0031300
0313000
3112222
3111111

[3]
432123
4134213
0400412
0000413
0 11230
0 33113
0000 11
 000 11
33  212
3211130

[4]
0004220   
0002110
0031210
0414210
0230210
3140210
1222113
1111112
0000110
0000110

[5]
3111110      
3122220  
3140000 
3144400
3111120
4443113
0000313
0000313
1232114
2111240

[6]
0042113
041 343
 1 0000
414 440
 141113
 13  11
 1400 1
4130021
  1321 
04 11 4

[7]
2111111       
2222211  
0000412 
0000214
000 120
0003140
00 11 0
0031300
0011400
0412000

[8]
0 211 0
412 31 
4130012
0124 1
04211 0
0 1 124
4140422
 1400 1
41 4412
0 211 4

[9]
0311130
4113213
3140 11
3140021
3130411
 111131
0 33421
0000412
034311 
01113 0

[ ]
0      
1      
2       
3       
4      
5       
6       
7       
8       
9       

[ ]
0      
1      
2       
3       
4      
5       
6       
7       
8       
9       




