[0]
 1111       
11  11 
11  11 
11  11 
11  11 
11  11 
11  11 
 1111 
  
[1]
 11
111
 11
 11
 11
 11
 11
1111

[2]
 1111 
11  11
    11
   11 
  11
 11
11
111111

[3]
 1111       
11  11     
    11 
  111  
    11 
    11 
11  11 
 1111  

[4]
    1 
   11 
  111 
 1 11 
1  11 
111111
   11 
   11 

[5]
 11111 
 11    
 11    
 1111  
    11 
    11 
11  11 
 1111  

[6]
  111  
 11    
11     
11111  
11  11 
11  11 
11  11 
 1111  

[7]
111111 
    11 
   11  
   11  
  11   
  11   
 11    
 11    

[8]
 1111
11  11
11  11
 1111
11  11
11  11
11  11
 1111

[9]
 1111 
11  11
11  11
11  11
 11111
    11
   11 
 111  

[]
0      
1      
2      
3      
4      
5      
6      
7      

[]
0      
1      
2      
3      
4      
5      
6      
7  

