[0]
 111       
2   2 
1   1 
1   1 
1   1 
1   1 
2   2 
 111 
  
[1]
 210
1210
3 10
  10
  10
  10
  10
  10

[2]
41111 
 4  14
    14
   41 
  414
  14
 14
211114

[3]
31111       
6   13     
    13 
 4212  
 44313 
    22 
3   22 
21111  

[3]
41112       
6   23     
    13 
 4213  
 44314 
    32 
3   23 
21112  

[4]
   31 
  421 
  141 
 23 1 
31 11 
111111
444414
    1 

[5]
21113 
23    
14    
11114  
   21 
    1 
   41 
11114 

[6]
  111  
 1    
 1     
 2111  
 1   2  
 2   1 
 1   2 
  111  

[7]
211112 
    23 
   51  
   23  
   1   
  32   
 115   
 31    

[8]
 2111
41  24
 1  14
 3113
 14414
41  32
41  32
 1111

[9]
 2112 
31  13
23  32
31  31
 11132
    23
   41 
 1114  

[/]
  31      
  23    
  1    
 32    
 13    
41     
22     
13     

[]
0      
1      
2      
3      
4      
5      
6      
7  

